image: 303_1F_ver2.pgm
resolution: 0.100000
origin: [-10.200000, -13.200000, 0.0]
negate: 0
occupied_thresh: 0.65
free_thresh: 0.196

