image: 303_2F.pgm
resolution: 0.100000
origin: [-42.099999, -24.000001, 0.0]
negate: 0
occupied_thresh: 0.65
free_thresh: 0.196

