image: 303_2F_ver2.pgm
resolution: 0.100000
origin: [-45.599999, -43.300000, 0.0]
negate: 0
occupied_thresh: 0.65
free_thresh: 0.196

